proj:       1
zone:       19
north:      2096375.14428
south:      2060563.10764
east:       242657.91963
west:       210484.44861
cols:       363
rows:       404
e-w resol:  88.63215157
n-s resol:  88.64365505
format:     0
compressed: 5
