proj:       1
zone:       19
north:      2096370
south:      2060640
east:       242640
west:       210510
cols:       357
rows:       397
e-w resol:  90
n-s resol:  90
top:        1.000000000000000
bottom:     0.000000000000000
cols3:      357
rows3:      397
depths:     1
e-w resol3: 90
n-s resol3: 90
t-b resol:  1
